1891502860,5174400490
1891502860,douyinmv
1891502860,3941354960
1891502860,575223374
1891502860,6459532028
1891502860,3587960280
1891502860,nanjinglizhi
1891502860,6450498465
1891502860,hemabrand
1288739185,6364325054
1891502860,gwrchina
1288739185,5878659096
1288739185,6429329561
1288739185,3587960280
1288739185,2836883273
1288739185,huaweidevice
1772191555,diabloneo
1288739185,BooM24
1772191555,2472448382
1772191555,5581785513
1288739185,1662532110
1288739185,5743923782
1772191555,3263330414
1772191555,bestony
1288739185,weibohuiyuan
1772191555,2850809427
1772191555,joomlagate
1772191555,3918901539
1772191555,LSlinso
1772191555,zhaowinvic
1898495494,bdtieba
1898495494,minisafe
1898495494,tencentpioneer
1898495494,zndscom
1898495494,3263330414
1898495494,in66com
1898495494,juewei
1898495494,jingdong
1898495494,xianyimeishi
1898495494,asustek
2406523251,miaoqianlicai
2406523251,cutisan
2406523251,fzwbfc
2406523251,nuraliabliz
2406523251,ichthy
2406523251,sinat
2406523251,leochenou
2406523251,58330
2406523251,newsipad
2406523251,withkang
5584871802,white55kai
5584871802,3308591673
5584871802,dasima315
5584871802,tistis
5584871802,2718604160
5584871802,qiutulushi
5584871802,3277407343
5584871802,3118862627
5584871802,2553812674
5584871802,2288616303
5972903864,dasima315
5972903864,laoluoyonghao
5972903864,6210580585
5972903864,2622143365
5972903864,5666031917
5972903864,SHroyalClub
5972903864,leijun
5972903864,5586965954
5972903864,1768530124
3191340984,209709292
3191340984,2199733231
3191340984,justhairdressr
3191340984,2194668912
3191340984,JJ131427
3191340984,1223187187
3191340984,sangangushi
3191340984,6196092578
3191340984,5225608089
3191340984,3422900522
5087591810,5245432950
5087591810,cangnanpai
5087591810,fly51fly
5087591810,mukewang
5087591810,thejaycn
5087591810,707890803
5087591810,sdxcb
5087591810,mayun
5087591810,leijun
5087591810,dmonsns
3195810885,6294417401
3195810885,5266416401
3195810885,1935087861
3195810885,3886143976
3195810885,6256692243
3195810885,Vxin1808901889
3195810885,1733439405
3195810885,6256743411
3195810885,5043087569
3195810885,6136831739
1891502860,qulezaihui
1891502860,3263929761
1891502860,an1o
1891502860,2605418317
1891502860,bomb1019
6495893692,1891502860
1891502860,etao
6019446580,1891502860
1891502860,haierexpo
6414026288,1891502860
1891502860,5878659096
5851165533,1891502860
1891502860,hellobikedanche
1745131637,1891502860
1891502860,809009920
2294056655,1891502860
1134998961,1891502860
6385030978,1891502860
6189961125,1891502860
5885245050,1891502860
6066515638,1288739185
6467954194,1288739185
6403021766,1288739185
6500548016,1288739185
6165817151,1288739185
6500532717,1288739185
5908949156,1288739185
6491966375,1288739185
6125430775,1288739185
6443188093,1288739185
5627282025,1772191555
5378951862,1772191555
5248260372,1772191555
6375555859,1772191555
5973271876,1772191555
5508747504,1772191555
5783096538,1772191555
5772615321,1772191555
6461292252,1772191555
6039244554,1772191555
5985605461,1898495494
carlosbb,1898495494
lvyi47,1898495494
1828035100,1898495494
2732076477,1898495494
2617034713,1898495494
271144250,1898495494
5189441529,1898495494
1665594540,1898495494
3631029110,1898495494
3889502657,2406523251
2019458347,2406523251
6337629369,2406523251
6289288036,2406523251
3044167270,2406523251
3044684352,2406523251
2919710454,2406523251
3917339213,2406523251
6101965530,2406523251
5730716913,3191340984
3307593493,3191340984
6467350356,3195810885
6449681450,3195810885
5675148494,3195810885
6449116207,3195810885
5266416401,3195810885
6231999717,3195810885
6320478832,3195810885
2920132320,3195810885
5922376238,3195810885
5245432950,5087591810
6184558922,5087591810
2469702267,5087591810
6311849959,5087591810
1776742804,5584871802
3118862627,5584871802
suepeach,5584871802
3851408298,5584871802
6210580585,5972903864
2622143365,5972903864
6380538335,5972903864
5834472852,5972903864
5730716913,5972903864
5584871802,5972903864
2469702267,5972903864
3195810885,5972903864
3914719721,5972903864
2175065522,5972903864
6165817151,1288739185
6500532717,1288739185
5908949156,1288739185
6491966375,1288739185
6125430775,1288739185
6443188093,1288739185
6485609774,1288739185
5747070430,1288739185
5161734046,1288739185
6191610959,1288739185
206663736,1772191555
leemangin,1772191555
5114424783,1772191555
1973120261,1772191555
5283642252,1772191555
seelookem,1772191555
275122445,1772191555
6473754369,1772191555
2984846460,1772191555
6247521804,1772191555
3800100823,1891502860
5626080193,1891502860
2912195601,1891502860
5330045842,1891502860
5840223261,1891502860
2095257990,1891502860
5885655248,1891502860
5701975815,1891502860
6347972519,1891502860
5994754038,1898495494
m0uk,1898495494
1582767862,1898495494
hemengcoco,1898495494
6498387130,1898495494
1119414497,1898495494
1935565561,1898495494
2334897951,1898495494
2032971111,1898495494
326497272,1898495494
6120404999,2406523251
5611439000,2406523251
2846531602,2406523251
5459288675,2406523251
5972903864,3191340984
2175065522,3191340984
3195810885,3191340984
5584871802,3191340984
3914719721,3191340984
2469702267,3191340984
5087591810,3191340984
3568692982,3191340984
2789762050,3195810885
2469702267,3195810885
2919569832,3195810885
2920187082,3195810885
5922376396,5087591810
baicaihuodong,5087591810
caicaimaimaimai,5087591810
3895567213,5087591810
5919234778,5087591810
6142581073,5087591810
6150137721,5584871802
2731300353,5584871802
2680045930,5584871802
2347749265,5584871802
3195810885,5584871802
3191340984,5584871802
3498426932,5584871802
2175065522,5584871802
3273808277,5584871802
5087591810,5584871802
5087591810,5972903864
3307593493,5972903864
3191340984,5972903864
2671109275,5972903864
1288739185,xuezhiqian
1288739185,lorealparis
1288739185,1589845983
1288739185,2694664177
1288739185,5492443184
1288739185,andyisme
1288739185,dazhangwei831
1288739185,5659134235
1288739185,wangqianyuan2011
1288739185,1442576407
1772191555,csyhkj
1772191555,2122483513
1772191555,linuxgeek
1772191555,microsoftard
1772191555,wuyexu
1772191555,drqu
1772191555,fenglv1997
1772191555,techstay
1772191555,3339632072
1772191555,hfyangpku
2406523251,3912522941
2406523251,lancome
2406523251,sinapapers
2406523251,5743923782
2406523251,wwwcherrycn
2406523251,2846531602
2406523251,5994966807
2406523251,51ontheway
2406523251,faxingji1
2406523251,2115974482
3191340984,5977025127
3191340984,234056887
3191340984,5743923782
3191340984,weibohuiyuan
3191340984,210926262
3191340984,5141111068
3191340984,1618696420
3191340984,3989004242
3195810885,6136832851
3195810885,3984866698
3195810885,instyle0410
3195810885,fion310
3195810885,6149677860
3195810885,3847945747
3195810885,3888427487
3195810885,zhumenshengya
3195810885,3910628400
5087591810,jietangthu
5087591810,2469702267
5087591810,1093897112
5087591810,youdaonotemark
5087591810,msra
5087591810,ccforgcn
5087591810,234918006
5087591810,drwujun
5087591810,3609434265
5087591810,zhouzh2012
5584871802,3318573055
5584871802,2260695631
5584871802,2680389697
5584871802,3317763501
5584871802,3128187185
5584871802,2644660235
5584871802,suepeach
5584871802,3105935241
5584871802,6023864410
5584871802,163music
5972903864,1916655407
5972903864,2905094944
5972903864,6049590367
5972903864,5021784365
5972903864,5934019851
5972903864,6137011051
5972903864,6131231090
5972903864,6130984936
5972903864,6130985572
5972903864,6130984167
6443188093,1288739185
6485609774,1288739185
5747070430,1288739185
5161734046,1288739185
6191610959,1288739185
6500545556,1288739185
5150291712,1288739185
3958323674,1288739185
5150291801,1288739185
6500495410,1288739185
2496819265,1772191555
2984104117,1772191555
3456640884,1772191555
6210285689,1772191555
3788063860,1772191555
1854069812,1772191555
6226717881,1772191555
6431896986,1772191555
6383652545,1772191555
3037648857,1772191555
6274550144,1891502860
277551705,1891502860
5462535092,1891502860
5584260201,1891502860
3669076071,1891502860
6470411096,1891502860
1834054854,1891502860
kisskill520,1891502860
5597328605,1891502860
6467992662,1891502860
3281491791,1898495494
3208739930,1898495494
spencer1212,1898495494
2244066521,1898495494
5271542012,1898495494
5370950433,1898495494
6382716312,1898495494
922700907,1898495494
uc65285522,1898495494
1727693770,1898495494
2824372645,3191340984
2539950754,3191340984
1836470472,3191340984
wuyali0927,3191340984
2427193364,3191340984
2807132314,3191340984
xiyuexin,3191340984
2671109275,3191340984
3914719721,5584871802
sunhaoallen,5584871802
2469702267,5584871802
2263124640,5584871802
1854272101,5584871802
5320194099,5584871802
2671109275,5584871802
1288739185,dengchao
1288739185,yimoustudio
1288739185,cuitan1990
1288739185,1749964961
1288739185,1751675285
1288739185,1537790411
1288739185,5918579009
1288739185,6100206722
1288739185,gemtang
1288739185,1752502537
1772191555,tommyliu020
1772191555,523495694
1772191555,ssbianjp
1772191555,LMOSKERNEL
1772191555,stdionoi
1772191555,GitHubDaily
1772191555,ucloudukd
1772191555,kanbaratakuya
1772191555,1835025437
1772191555,3690980745
1898495494,sgcn
1898495494,huibenjiaju
1898495494,jingnei
1898495494,hepindao
1898495494,chuniangwuyu
1898495494,pawifi
1898495494,723408461
1898495494,leishenyouxiben
1898495494,jdxybt
1898495494,5067607858
3191340984,5985821515
3191340984,5730716913
3191340984,5576276117
3191340984,6206159353
3191340984,6363396182
3191340984,2762977073
3191340984,6029767299
3191340984,justchihuo
3191340984,liuqunmttodeath
3191340984,1310558290
5087591810,1657470871
5087591810,3195810885
5087591810,3914719721
5087591810,sunhaoallen
5087591810,5584871802
5087591810,2175065522
5087591810,nba
5087591810,liuqiangdong
5087591810,whisperxd
5087591810,5972903864
5972903864,6137365047
5972903864,wxs521
5972903864,5613071699
5972903864,jenny0413
5972903864,1750607060
5972903864,1921208427
5972903864,hu_ge
5972903864,chenchiaoen
5972903864,baozoumanhua
5972903864,1700905103
6120776381,5087591810
3195810885,5087591810
3914719721,5087591810
3273808277,5087591810
5584871802,5087591810
sunhaoallen,5087591810
2175065522,5087591810
5972903864,5087591810
3307593493,5087591810
3309243462,5087591810
2962450147,5087591810
2829290464,5087591810
446230561,5087591810
3191340984,wflanker
3191340984,pennyliang
3191340984,1565668374
3191340984,pi1ot
3191340984,2618378195
3191340984,3922927285
3191340984,1076927553
3191340984,yichanxiaoheshang
3191340984,2647037061
3191340984,fly51fly
5087591810,3191340984
5087591810,3307593493
5087591810,446230561
5087591810,5516605981
5087591810,2387391680
5087591810,1914100420
5087591810,modelliuwen
5087591810,3309243462
5087591810,3978510556
5972903864,2718604160
5972903864,superyishan0505
5972903864,ichthy
5972903864,5730716913
5972903864,5584871802
5972903864,314968889
5972903864,andyisme
5972903864,5244215528
5972903864,5091382550
5087282851,5087591810
5516605981,5087591810
5515520386,5087591810
600806678,5087591810
2997969415,5087591810
1847630551,5087591810
3191340984,1854827884
3191340984,vistastory
3191340984,lifeweek
3191340984,nbweekly
3191340984,ydsh999
3191340984,superapp2333
3191340984,5793213789
3191340984,thumsp
3191340984,6177021191
3191340984,todaysuzhou
5087591810,hu_ge
5087591810,1300419694
5087591810,5087282851
5087591810,1288739185
5087591810,600806678
5087591810,leeyoungho
5087591810,topgirls8
5087591810,5272294760
5087591810,574455213
5087591810,dengchao
5972903864,nasawatch
5972903864,2879470994
5972903864,5658381934
5972903864,qiaozhenyu
5972903864,photo
5972903864,2469702267
5972903864,3191340984
5972903864,2175065522
5972903864,3914719721
5972903864,3195810885
5272294760,5087591810
3214826927,5087591810
3930520615,5087591810
3067360771,5087591810
3959547789,5087591810
2144980755,5087591810
3810469687,5087591810
3205647523,5087591810
3191340984,sdxinz
3191340984,zhouzh2012
3191340984,2515726922
3191340984,3235040884
3191340984,1218274631
3191340984,kaiminghe
3191340984,2104071283
3191340984,5937873544
3191340984,5703921756
3191340984,1648855080
5087591810,3930520615
5087591810,3067360771
5087591810,wangfeng
5087591810,jasonzhangjie
5087591810,3810469687
5087591810,2958976537
5087591810,3214826927
5972903864,gz46
5972903864,2150511032
5972903864,5254130368
5972903864,1744188571
5972903864,hita1226
5972903864,mmqmusic
5972903864,1750157883
5972903864,5484203957
5972903864,3071912693
5972903864,3307593493
2958976537,5087591810
2671109275,5087591810
3191340984,suzhoufangzi
3191340984,3171124654
3191340984,fengyitong1993
3191340984,1683370110
3191340984,paperweekly
3191340984,2725129451
3191340984,1910862253
3191340984,minisafe
3191340984,2175065522
5972903864,5087591810
3191340984,3195810885
3191340984,5584871802
3191340984,3914719721
3191340984,diditaxi
3191340984,2469702267
3191340984,soufunsuzhou
3191340984,ysunwoods
3191340984,5972903864
3191340984,3307593493
3191340984,xiyuexin
3191340984,sdxcb
