1582767862
3118862627
5320194099
3922157202
5232055343
3959547789
6039244554
1241148864
5922376396
3888427487
2824372645
1111681197
5918579009
1280761142
1766356500
5915481705
3318573055
3847782259
2199733231
3263330414
5934019851
1729098202
5427819965
1941674052
3044684352
1880224970
5908949156
1744188571
5972903864
3308591673
5626080193
6125430775
1747360663
5675148494
3889502657
5840223261
2669574121
2539950754
5597328605
1834054854
2126427211
2032617483
1673450172
5283642252
1641532820
3912522941
1197711043
1497035431
1805675113
1759618347
6189961125
2452351832
3788063860
5480776650
1748852693
5894379906
3977995721
6431896986
2694664177
2879470994
1199573137
1223187187
2387391680
2115157232
1739046981
5515520386
3585949617
3121700831
1618696420
5576276117
3309243462
1866402485
2472448382
2406523251
5659134235
1847630551
1912273717
6380538335
1227712102
1113386705
6062327723
1224180577
5613071699
2838754010
5783096538
2836883273
1776742804
2846531602
2962450147
1191965271
2643139490
5772615321
2115974482
3669076071
5611439000
2150511032
6019446580
1093897112
6020086612
6028267033
1973120261
3125714091
2949872780
2618378195
1883769074
2919710454
5161734046
3847945747
2647037061
5271542012
3941354960
1566792693
5922376238
5254130368
6226717881
5245432950
2028810631
1768530124
5266416401
1914100420
3914719721
2347749265
1929644930
1727693770
5406446869
6120404999
5225608089
2206258462
5174400490
6137011051
2496819265
1537790411
6184558922
1288739185
3641606555
2060029603
5014142536
5722964389
5141111068
2920187082
2984104117
1134998961
1772191555
2166415265
5658381934
3105935241
6149677860
2905094944
2718604160
2212922191
5021784365
1732472555
3456640884
3851408298
2732076477
5851165533
1402400261
2392261910
3918901539
1637940101
5370950433
5973271876
3568692982
5779100105
1750607060
6450498465
1750157883
3205647523
1442576407
1788911247
1745131637
1836470472
6012864553
5484203957
3984866698
5778628235
6364325054
3263929761
6023864410
1762211555
3422900522
1648855080
6294417401
5516605981
6130984936
6100206722
5885655248
1223178222
6467350356
1565668374
3487640507
6473754369
3978510556
2912195601
2997969415
2789762050
3769785225
5087282851
3930520615
2984846460
1984959551
1935565561
1721030997
2377156730
2301881020
5970116431
1854272101
1728875812
1218274631
5540452645
5977025127
6429329561
2194668912
2887339314
6130985572
5114424783
1642909335
1683370110
5743923782
2015397131
6231999717
2920132320
1854827884
5187664653
2807132314
3281491791
6029767299
1835025437
2841943860
3067360771
5701975815
6256692243
2288616303
2515726922
2671109275
1683509051
1197369013
1765738567
2725129451
3277407343
6135166906
2144684673
1752502537
6470411096
5330045842
5459288675
1640571365
2919569832
5498972025
1876364305
5584871802
2244066521
5244215528
1705586121
1916655407
2427193364
6131231090
3910628400
1511576753
1528954865
1883575434
3587960280
2095257990
6414026288
1165631310
5099432990
5878659096
3922927285
3895567213
1705180884
6016015458
1744205384
3273808277
2762977073
3195810885
1585956435
6177021191
2678093863
1662532110
6120776381
2144980755
5150291801
1737821372
1749127163
6136831739
3214826927
1418078783
2731300353
6337629369
1007298497
3037648857
6101965530
1854069812
5985821515
2175065522
1917491813
3989004242
5150291712
3317763501
2617034713
5703921756
2958976537
5040309038
2680389697
2715025067
2415848337
1547749907
1733439405
3306361973
2232652203
2294056655
5581785513
1345597125
3339632072
1698429563
1700905103
5043087569
1300419694
3208739930
65285522
5380778539
6449681450
5091382550
3235040884
5272294760
1891502860
5666031917
2469702267
6326041747
2019458347
6347972519
5109911143
2829290464
1286528122
1751675285
1290364693
1749964961
1717871843
6449116207
5248260372
1694917363
6136832851
5994754038
6382716312
1657470871
3886143976
1310558290
2553812674
5584260201
6130984167
1450275764
1323527941
5834472852
1962310741
1913296557
3071912693
1076927553
1906504603
1334148781
5586965954
5937873544
5378951862
5590046102
2032971111
1742666164
1776845763
1401735592
1712539910
5167198527
3307593493
6459532028
5919234778
5087591810
2605418317
6049590367
2680045930
1839167003
6363396182
1694302094
1239246050
2260695631
2507912842
1921208427
3044167270
6289288036
6256743411
3191340984
2279287423
1775781307
5925687839
5793213789
3498426932
1589845983
2122483513
1883881851
1713926427
5994966807
6196092578
1746664450
6137365047
3958323674
1910862253
5724056831
3631029110
2850809427
3800100823
1227368500
2334897951
1368283054
6012621839
2263124640
2735327001
1656251067
5492443184
1626039133
2622143365
2644660235
3609434265
2375469224
5730716913
2418895143
1448224822
3128187185
1898495494
1828035100
